k 15 
p edge 500 4459 
e 2 1 63
e 3 2 43
e 4 3 5
e 5 4 51
e 6 5 67
e 7 6 9
e 8 7 52
e 9 8 9
e 10 9 61
e 11 10 50
e 12 11 54
e 13 12 56
e 14 13 16
e 15 14 3
e 16 15 38
e 17 16 57
e 18 17 43
e 19 18 35
e 20 19 58
e 21 20 49
e 22 21 38
e 23 22 43
e 24 23 8
e 25 24 1
e 26 25 53
e 27 26 45
e 28 27 68
e 29 28 6
e 30 29 22
e 31 30 67
e 32 31 45
e 33 32 68
e 34 33 70
e 35 34 52
e 36 35 1
e 37 36 14
e 38 37 35
e 39 38 54
e 40 39 54
e 41 40 21
e 42 41 11
e 43 42 12
e 44 43 8
e 45 44 21
e 46 45 15
e 47 46 45
e 48 47 70
e 49 48 1
e 50 49 48
e 51 50 51
e 52 51 11
e 53 52 54
e 54 53 43
e 55 54 37
e 56 55 39
e 57 56 9
e 58 57 8
e 59 58 22
e 60 59 43
e 61 60 10
e 62 61 19
e 63 62 9
e 64 63 60
e 65 64 21
e 66 65 56
e 67 66 45
e 68 67 49
e 69 68 68
e 70 69 64
e 71 70 60
e 72 71 68
e 73 72 43
e 74 73 65
e 75 74 10
e 76 75 69
e 77 76 31
e 78 77 41
e 79 78 11
e 80 1 2
e 80 79 69
e 81 1 26
e 81 2 48
e 81 80 32
e 82 1 33
e 82 2 64
e 82 3 22
e 82 81 67
e 83 2 29
e 83 3 11
e 83 4 23
e 83 82 33
e 84 3 4
e 84 4 52
e 84 5 59
e 84 83 53
e 85 4 38
e 85 5 12
e 85 6 35
e 85 84 51
e 86 5 49
e 86 6 25
e 86 7 61
e 86 85 57
e 87 6 20
e 87 7 39
e 87 8 40
e 87 86 48
e 88 7 69
e 88 8 32
e 88 9 10
e 88 87 5
e 89 8 3
e 89 9 69
e 89 10 64
e 89 88 41
e 90 9 59
e 90 10 18
e 90 11 52
e 90 89 14
e 91 10 45
e 91 11 62
e 91 12 27
e 91 90 10
e 92 11 67
e 92 12 3
e 92 13 60
e 92 91 11
e 93 12 5
e 93 13 52
e 93 14 31
e 93 92 13
e 94 13 60
e 94 14 60
e 94 15 47
e 94 93 4
e 95 14 51
e 95 15 49
e 95 16 10
e 95 94 55
e 96 15 43
e 96 16 21
e 96 17 23
e 96 95 2
e 97 16 23
e 97 17 61
e 97 18 68
e 97 96 3
e 98 17 12
e 98 18 3
e 98 19 28
e 98 97 33
e 99 18 45
e 99 19 16
e 99 20 37
e 99 98 46
e 100 19 64
e 100 20 7
e 100 21 3
e 100 99 22
e 101 20 60
e 101 21 34
e 101 22 30
e 101 100 2
e 102 21 17
e 102 22 56
e 102 23 30
e 102 101 23
e 103 22 18
e 103 23 9
e 103 24 45
e 103 102 37
e 104 23 1
e 104 24 48
e 104 25 68
e 104 103 4
e 105 24 14
e 105 25 2
e 105 26 69
e 105 104 7
e 106 25 23
e 106 26 64
e 106 27 59
e 106 105 19
e 107 26 56
e 107 27 50
e 107 28 64
e 107 106 27
e 108 27 26
e 108 28 42
e 108 29 65
e 108 107 36
e 109 28 52
e 109 29 7
e 109 30 12
e 109 108 44
e 110 29 60
e 110 30 34
e 110 31 51
e 110 109 47
e 111 30 57
e 111 31 61
e 111 32 36
e 111 110 27
e 112 31 32
e 112 32 64
e 112 33 54
e 112 111 36
e 113 32 69
e 113 33 53
e 113 34 38
e 113 112 70
e 114 33 15
e 114 34 59
e 114 35 33
e 114 113 23
e 115 34 61
e 115 35 66
e 115 36 20
e 115 114 7
e 116 35 69
e 116 36 54
e 116 37 24
e 116 115 56
e 117 36 45
e 117 37 5
e 117 38 70
e 117 116 3
e 118 37 62
e 118 38 49
e 118 39 62
e 118 117 4
e 119 38 63
e 119 39 25
e 119 40 68
e 119 118 4
e 120 39 52
e 120 40 11
e 120 41 59
e 120 119 57
e 121 40 5
e 121 41 57
e 121 42 5
e 121 120 53
e 122 41 31
e 122 42 19
e 122 43 52
e 122 121 57
e 123 42 42
e 123 43 49
e 123 44 22
e 123 122 70
e 124 43 54
e 124 44 66
e 124 45 70
e 124 123 43
e 125 44 2
e 125 45 6
e 125 46 15
e 125 124 47
e 126 45 14
e 126 46 57
e 126 47 33
e 126 125 38
e 127 46 29
e 127 47 64
e 127 48 25
e 127 126 3
e 128 47 64
e 128 48 57
e 128 49 38
e 128 127 22
e 129 48 29
e 129 49 46
e 129 50 15
e 129 128 45
e 130 49 15
e 130 50 38
e 130 51 60
e 130 129 63
e 131 50 25
e 131 51 16
e 131 52 11
e 131 130 35
e 132 51 41
e 132 52 16
e 132 53 21
e 132 131 14
e 133 52 62
e 133 53 65
e 133 54 9
e 133 132 32
e 134 53 11
e 134 54 36
e 134 55 4
e 134 133 61
e 135 54 22
e 135 55 57
e 135 56 31
e 135 134 52
e 136 55 23
e 136 56 2
e 136 57 14
e 136 135 62
e 137 56 45
e 137 57 50
e 137 58 64
e 137 136 61
e 138 57 7
e 138 58 49
e 138 59 54
e 138 137 56
e 139 58 24
e 139 59 47
e 139 60 21
e 139 138 52
e 140 59 69
e 140 60 5
e 140 61 60
e 140 139 4
e 141 60 42
e 141 61 15
e 141 62 30
e 141 140 45
e 142 61 59
e 142 62 30
e 142 63 66
e 142 141 11
e 143 62 27
e 143 63 56
e 143 64 6
e 143 142 69
e 144 63 47
e 144 64 57
e 144 65 53
e 144 143 30
e 145 64 58
e 145 65 1
e 145 66 64
e 145 144 7
e 146 65 54
e 146 66 53
e 146 67 58
e 146 145 5
e 147 66 23
e 147 67 70
e 147 68 65
e 147 146 70
e 148 67 26
e 148 68 43
e 148 69 42
e 148 147 17
e 149 68 48
e 149 69 68
e 149 70 26
e 149 148 62
e 150 69 64
e 150 70 9
e 150 71 11
e 150 149 6
e 151 70 46
e 151 71 46
e 151 72 70
e 151 150 69
e 152 71 6
e 152 72 23
e 152 73 56
e 152 151 2
e 153 72 30
e 153 73 57
e 153 74 67
e 153 152 22
e 154 73 63
e 154 74 15
e 154 75 19
e 154 153 12
e 155 74 65
e 155 75 44
e 155 76 41
e 155 154 24
e 156 75 69
e 156 76 14
e 156 77 61
e 156 155 20
e 157 76 19
e 157 77 57
e 157 78 37
e 157 156 44
e 158 77 59
e 158 78 19
e 158 79 3
e 158 157 7
e 159 78 11
e 159 79 39
e 159 80 3
e 159 158 10
e 160 1 17
e 160 79 6
e 160 80 1
e 160 81 19
e 160 159 68
e 161 1 7
e 161 2 35
e 161 80 70
e 161 81 66
e 161 82 1
e 161 160 9
e 162 1 5
e 162 2 3
e 162 3 67
e 162 81 37
e 162 82 5
e 162 83 58
e 162 161 59
e 163 2 14
e 163 3 59
e 163 4 21
e 163 82 29
e 163 83 33
e 163 84 8
e 163 162 44
e 164 3 51
e 164 4 56
e 164 5 21
e 164 83 10
e 164 84 62
e 164 85 60
e 164 163 24
e 165 4 64
e 165 5 5
e 165 6 8
e 165 84 58
e 165 85 50
e 165 86 15
e 165 164 18
e 166 5 69
e 166 6 58
e 166 7 22
e 166 85 65
e 166 86 54
e 166 87 28
e 166 165 58
e 167 6 55
e 167 7 60
e 167 8 10
e 167 86 45
e 167 87 3
e 167 88 30
e 167 166 34
e 168 7 43
e 168 8 5
e 168 9 62
e 168 87 3
e 168 88 55
e 168 89 5
e 168 167 23
e 169 8 70
e 169 9 45
e 169 10 41
e 169 88 62
e 169 89 20
e 169 90 47
e 169 168 15
e 170 9 63
e 170 10 3
e 170 11 7
e 170 89 48
e 170 90 50
e 170 91 45
e 170 169 4
e 171 10 42
e 171 11 17
e 171 12 62
e 171 90 19
e 171 91 47
e 171 92 22
e 171 170 66
e 172 11 48
e 172 12 19
e 172 13 56
e 172 91 55
e 172 92 4
e 172 93 23
e 172 171 18
e 173 12 25
e 173 13 17
e 173 14 47
e 173 92 1
e 173 93 60
e 173 94 62
e 173 172 17
e 174 13 23
e 174 14 30
e 174 15 32
e 174 93 56
e 174 94 7
e 174 95 37
e 174 173 32
e 175 14 2
e 175 15 16
e 175 16 45
e 175 94 43
e 175 95 22
e 175 96 17
e 175 174 48
e 176 15 39
e 176 16 3
e 176 17 5
e 176 95 37
e 176 96 43
e 176 97 67
e 176 175 54
e 177 16 17
e 177 17 44
e 177 18 24
e 177 96 61
e 177 97 28
e 177 98 37
e 177 176 61
e 178 17 5
e 178 18 1
e 178 19 47
e 178 97 49
e 178 98 46
e 178 99 60
e 178 177 44
e 179 18 36
e 179 19 20
e 179 20 46
e 179 98 25
e 179 99 33
e 179 100 54
e 179 178 13
e 180 19 3
e 180 20 67
e 180 21 62
e 180 99 28
e 180 100 27
e 180 101 68
e 180 179 58
e 181 20 36
e 181 21 29
e 181 22 3
e 181 100 64
e 181 101 53
e 181 102 17
e 181 180 24
e 182 21 34
e 182 22 52
e 182 23 11
e 182 101 43
e 182 102 35
e 182 103 38
e 182 181 39
e 183 22 23
e 183 23 11
e 183 24 21
e 183 102 11
e 183 103 66
e 183 104 58
e 183 182 25
e 184 23 66
e 184 24 43
e 184 25 16
e 184 103 52
e 184 104 40
e 184 105 27
e 184 183 8
e 185 24 34
e 185 25 58
e 185 26 57
e 185 104 50
e 185 105 23
e 185 106 22
e 185 184 61
e 186 25 53
e 186 26 3
e 186 27 16
e 186 105 52
e 186 106 21
e 186 107 60
e 186 185 33
e 187 26 15
e 187 27 53
e 187 28 55
e 187 106 23
e 187 107 12
e 187 108 40
e 187 186 39
e 188 27 41
e 188 28 11
e 188 29 20
e 188 107 30
e 188 108 16
e 188 109 21
e 188 187 3
e 189 28 56
e 189 29 36
e 189 30 11
e 189 108 43
e 189 109 24
e 189 110 16
e 189 188 57
e 190 29 23
e 190 30 34
e 190 31 36
e 190 109 28
e 190 110 46
e 190 111 6
e 190 189 34
e 191 30 19
e 191 31 31
e 191 32 41
e 191 110 51
e 191 111 31
e 191 112 36
e 191 190 21
e 192 31 37
e 192 32 55
e 192 33 24
e 192 111 19
e 192 112 5
e 192 113 32
e 192 191 16
e 193 32 3
e 193 33 34
e 193 34 14
e 193 112 29
e 193 113 9
e 193 114 35
e 193 192 33
e 194 33 12
e 194 34 14
e 194 35 40
e 194 113 18
e 194 114 45
e 194 115 21
e 194 193 9
e 195 34 58
e 195 35 63
e 195 36 34
e 195 114 47
e 195 115 8
e 195 116 9
e 195 194 29
e 196 35 29
e 196 36 46
e 196 37 63
e 196 115 15
e 196 116 16
e 196 117 4
e 196 195 43
e 197 36 14
e 197 37 15
e 197 38 2
e 197 116 65
e 197 117 55
e 197 118 22
e 197 196 40
e 198 37 3
e 198 38 1
e 198 39 57
e 198 117 12
e 198 118 69
e 198 119 28
e 198 197 16
e 199 38 21
e 199 39 11
e 199 40 69
e 199 118 31
e 199 119 44
e 199 120 6
e 199 198 27
e 200 39 29
e 200 40 37
e 200 41 62
e 200 119 51
e 200 120 66
e 200 121 19
e 200 199 38
e 201 40 16
e 201 41 46
e 201 42 30
e 201 120 48
e 201 121 48
e 201 122 41
e 201 200 62
e 202 41 8
e 202 42 10
e 202 43 70
e 202 121 7
e 202 122 22
e 202 123 70
e 202 201 24
e 203 42 57
e 203 43 47
e 203 44 5
e 203 122 67
e 203 123 63
e 203 124 17
e 203 202 21
e 204 43 40
e 204 44 61
e 204 45 6
e 204 123 30
e 204 124 23
e 204 125 58
e 204 203 22
e 205 44 38
e 205 45 38
e 205 46 63
e 205 124 58
e 205 125 6
e 205 126 65
e 205 204 55
e 206 45 37
e 206 46 33
e 206 47 17
e 206 125 65
e 206 126 59
e 206 127 32
e 206 205 35
e 207 46 11
e 207 47 16
e 207 48 12
e 207 126 32
e 207 127 65
e 207 128 20
e 207 206 54
e 208 47 40
e 208 48 54
e 208 49 46
e 208 127 3
e 208 128 25
e 208 129 56
e 208 207 12
e 209 48 63
e 209 49 61
e 209 50 29
e 209 128 56
e 209 129 34
e 209 130 2
e 209 208 21
e 210 49 49
e 210 50 45
e 210 51 48
e 210 129 37
e 210 130 46
e 210 131 47
e 210 209 64
e 211 50 45
e 211 51 29
e 211 52 28
e 211 130 7
e 211 131 33
e 211 132 2
e 211 210 5
e 212 51 24
e 212 52 68
e 212 53 12
e 212 131 60
e 212 132 60
e 212 133 19
e 212 211 37
e 213 52 38
e 213 53 47
e 213 54 60
e 213 132 28
e 213 133 1
e 213 134 16
e 213 212 18
e 214 53 57
e 214 54 24
e 214 55 65
e 214 133 25
e 214 134 21
e 214 135 46
e 214 213 13
e 215 54 3
e 215 55 69
e 215 56 20
e 215 134 16
e 215 135 24
e 215 136 69
e 215 214 65
e 216 55 6
e 216 56 38
e 216 57 37
e 216 135 54
e 216 136 17
e 216 137 10
e 216 215 27
e 217 56 19
e 217 57 32
e 217 58 48
e 217 136 5
e 217 137 11
e 217 138 23
e 217 216 40
e 218 57 70
e 218 58 2
e 218 59 55
e 218 137 19
e 218 138 61
e 218 139 24
e 218 217 12
e 219 58 41
e 219 59 26
e 219 60 4
e 219 138 35
e 219 139 67
e 219 140 35
e 219 218 68
e 220 59 46
e 220 60 40
e 220 61 57
e 220 139 42
e 220 140 36
e 220 141 5
e 220 219 49
e 221 60 70
e 221 61 20
e 221 62 28
e 221 140 45
e 221 141 19
e 221 142 50
e 221 220 27
e 222 61 14
e 222 62 44
e 222 63 46
e 222 141 62
e 222 142 51
e 222 143 16
e 222 221 2
e 223 62 22
e 223 63 46
e 223 64 3
e 223 142 23
e 223 143 49
e 223 144 12
e 223 222 54
e 224 63 43
e 224 64 46
e 224 65 3
e 224 143 39
e 224 144 58
e 224 145 37
e 224 223 5
e 225 64 68
e 225 65 66
e 225 66 43
e 225 144 18
e 225 145 59
e 225 146 25
e 225 224 35
e 226 65 59
e 226 66 31
e 226 67 36
e 226 145 65
e 226 146 10
e 226 147 1
e 226 225 55
e 227 66 8
e 227 67 70
e 227 68 63
e 227 146 65
e 227 147 37
e 227 148 44
e 227 226 7
e 228 67 9
e 228 68 24
e 228 69 61
e 228 147 16
e 228 148 44
e 228 149 38
e 228 227 4
e 229 68 44
e 229 69 60
e 229 70 1
e 229 148 29
e 229 149 14
e 229 150 51
e 229 228 44
e 230 69 59
e 230 70 16
e 230 71 40
e 230 149 32
e 230 150 15
e 230 151 44
e 230 229 67
e 231 70 40
e 231 71 6
e 231 72 8
e 231 150 13
e 231 151 66
e 231 152 39
e 231 230 39
e 232 71 61
e 232 72 21
e 232 73 37
e 232 151 61
e 232 152 22
e 232 153 54
e 232 231 64
e 233 72 66
e 233 73 66
e 233 74 37
e 233 152 36
e 233 153 27
e 233 154 46
e 233 232 45
e 234 73 21
e 234 74 32
e 234 75 24
e 234 153 47
e 234 154 61
e 234 155 27
e 234 233 49
e 235 74 6
e 235 75 47
e 235 76 23
e 235 154 64
e 235 155 48
e 235 156 61
e 235 234 29
e 236 75 30
e 236 76 54
e 236 77 5
e 236 155 26
e 236 156 48
e 236 157 39
e 236 235 68
e 237 76 19
e 237 77 53
e 237 78 4
e 237 156 54
e 237 157 25
e 237 158 9
e 237 236 39
e 238 77 48
e 238 78 5
e 238 79 31
e 238 157 33
e 238 158 42
e 238 159 26
e 238 237 14
e 239 78 8
e 239 79 32
e 239 80 48
e 239 158 9
e 239 159 38
e 239 160 38
e 239 238 24
e 240 1 40
e 240 79 51
e 240 80 31
e 240 81 7
e 240 159 32
e 240 160 8
e 240 161 16
e 240 239 4
e 241 1 50
e 241 2 43
e 241 80 70
e 241 81 47
e 241 82 10
e 241 160 59
e 241 161 53
e 241 162 18
e 241 240 3
e 242 1 55
e 242 2 24
e 242 3 61
e 242 81 9
e 242 82 18
e 242 83 49
e 242 161 44
e 242 162 15
e 242 163 13
e 242 241 4
e 243 2 17
e 243 3 55
e 243 4 35
e 243 82 18
e 243 83 7
e 243 84 2
e 243 162 16
e 243 163 10
e 243 164 24
e 243 242 61
e 244 3 14
e 244 4 56
e 244 5 52
e 244 83 11
e 244 84 33
e 244 85 5
e 244 163 5
e 244 164 32
e 244 165 54
e 244 243 9
e 245 4 32
e 245 5 3
e 245 6 19
e 245 84 48
e 245 85 45
e 245 86 64
e 245 164 42
e 245 165 64
e 245 166 4
e 245 244 67
e 246 5 30
e 246 6 29
e 246 7 37
e 246 85 28
e 246 86 31
e 246 87 1
e 246 165 11
e 246 166 70
e 246 167 60
e 246 245 54
e 247 6 43
e 247 7 35
e 247 8 65
e 247 86 25
e 247 87 40
e 247 88 43
e 247 166 32
e 247 167 63
e 247 168 51
e 247 246 43
e 248 7 1
e 248 8 68
e 248 9 30
e 248 87 58
e 248 88 67
e 248 89 58
e 248 167 1
e 248 168 17
e 248 169 54
e 248 247 57
e 249 8 12
e 249 9 43
e 249 10 53
e 249 88 56
e 249 89 51
e 249 90 2
e 249 168 25
e 249 169 55
e 249 170 15
e 249 248 39
e 250 9 7
e 250 10 69
e 250 11 65
e 250 89 33
e 250 90 30
e 250 91 19
e 250 169 3
e 250 170 33
e 250 171 64
e 250 249 41
e 251 10 40
e 251 11 55
e 251 12 10
e 251 90 50
e 251 91 35
e 251 92 18
e 251 170 2
e 251 171 15
e 251 172 69
e 251 250 22
e 252 11 12
e 252 12 11
e 252 13 43
e 252 91 17
e 252 92 27
e 252 93 69
e 252 171 58
e 252 172 32
e 252 173 32
e 252 251 20
e 253 12 39
e 253 13 22
e 253 14 9
e 253 92 10
e 253 93 21
e 253 94 17
e 253 172 9
e 253 173 20
e 253 174 19
e 253 252 39
e 254 13 31
e 254 14 59
e 254 15 48
e 254 93 28
e 254 94 13
e 254 95 46
e 254 173 13
e 254 174 1
e 254 175 28
e 254 253 43
e 255 14 42
e 255 15 38
e 255 16 53
e 255 94 9
e 255 95 52
e 255 96 21
e 255 174 67
e 255 175 63
e 255 176 12
e 255 254 26
e 256 15 2
e 256 16 11
e 256 17 50
e 256 95 19
e 256 96 4
e 256 97 16
e 256 175 15
e 256 176 4
e 256 177 49
e 256 255 3
e 257 16 32
e 257 17 25
e 257 18 64
e 257 96 43
e 257 97 9
e 257 98 42
e 257 176 47
e 257 177 11
e 257 178 28
e 257 256 51
e 258 17 47
e 258 18 48
e 258 19 61
e 258 97 10
e 258 98 8
e 258 99 3
e 258 177 65
e 258 178 30
e 258 179 22
e 258 257 1
e 259 18 29
e 259 19 5
e 259 20 69
e 259 98 58
e 259 99 36
e 259 100 69
e 259 178 8
e 259 179 21
e 259 180 65
e 259 258 5
e 260 19 13
e 260 20 21
e 260 21 51
e 260 99 17
e 260 100 25
e 260 101 58
e 260 179 49
e 260 180 45
e 260 181 33
e 260 259 6
e 261 20 28
e 261 21 24
e 261 22 64
e 261 100 7
e 261 101 67
e 261 102 15
e 261 180 51
e 261 181 25
e 261 182 32
e 261 260 64
e 262 21 56
e 262 22 26
e 262 23 7
e 262 101 36
e 262 102 50
e 262 103 50
e 262 181 29
e 262 182 10
e 262 183 7
e 262 261 69
e 263 22 3
e 263 23 12
e 263 24 20
e 263 102 32
e 263 103 4
e 263 104 18
e 263 182 41
e 263 183 14
e 263 184 42
e 263 262 41
e 264 23 26
e 264 24 2
e 264 25 34
e 264 103 53
e 264 104 64
e 264 105 3
e 264 183 9
e 264 184 20
e 264 185 48
e 264 263 47
e 265 24 40
e 265 25 11
e 265 26 14
e 265 104 48
e 265 105 20
e 265 106 35
e 265 184 48
e 265 185 50
e 265 186 25
e 265 264 6
e 266 25 14
e 266 26 64
e 266 27 1
e 266 105 28
e 266 106 52
e 266 107 57
e 266 185 16
e 266 186 49
e 266 187 69
e 266 265 27
e 267 26 14
e 267 27 20
e 267 28 46
e 267 106 16
e 267 107 20
e 267 108 68
e 267 186 16
e 267 187 30
e 267 188 18
e 267 266 37
e 268 27 13
e 268 28 14
e 268 29 49
e 268 107 31
e 268 108 42
e 268 109 31
e 268 187 54
e 268 188 33
e 268 189 27
e 268 267 21
e 269 28 62
e 269 29 5
e 269 30 37
e 269 108 11
e 269 109 10
e 269 110 33
e 269 188 21
e 269 189 19
e 269 190 38
e 269 268 15
e 270 29 58
e 270 30 30
e 270 31 54
e 270 109 21
e 270 110 38
e 270 111 66
e 270 189 37
e 270 190 14
e 270 191 7
e 270 269 52
e 271 30 34
e 271 31 12
e 271 32 42
e 271 110 27
e 271 111 70
e 271 112 10
e 271 190 66
e 271 191 67
e 271 192 50
e 271 270 21
e 272 31 63
e 272 32 65
e 272 33 49
e 272 111 56
e 272 112 27
e 272 113 55
e 272 191 52
e 272 192 18
e 272 193 55
e 272 271 64
e 273 32 15
e 273 33 53
e 273 34 41
e 273 112 31
e 273 113 31
e 273 114 10
e 273 192 25
e 273 193 21
e 273 194 10
e 273 272 56
e 274 33 6
e 274 34 70
e 274 35 24
e 274 113 52
e 274 114 29
e 274 115 68
e 274 193 46
e 274 194 44
e 274 195 1
e 274 273 52
e 275 34 61
e 275 35 60
e 275 36 63
e 275 114 42
e 275 115 52
e 275 116 17
e 275 194 30
e 275 195 12
e 275 196 27
e 275 274 69
e 276 35 12
e 276 36 36
e 276 37 40
e 276 115 8
e 276 116 37
e 276 117 48
e 276 195 43
e 276 196 2
e 276 197 24
e 276 275 15
e 277 36 5
e 277 37 6
e 277 38 65
e 277 116 45
e 277 117 47
e 277 118 62
e 277 196 9
e 277 197 47
e 277 198 39
e 277 276 19
e 278 37 39
e 278 38 43
e 278 39 11
e 278 117 45
e 278 118 56
e 278 119 5
e 278 197 33
e 278 198 64
e 278 199 11
e 278 277 9
e 279 38 56
e 279 39 4
e 279 40 7
e 279 118 69
e 279 119 24
e 279 120 29
e 279 198 8
e 279 199 26
e 279 200 17
e 279 278 28
e 280 39 53
e 280 40 66
e 280 41 15
e 280 119 17
e 280 120 67
e 280 121 53
e 280 199 25
e 280 200 4
e 280 201 69
e 280 279 55
e 281 40 12
e 281 41 12
e 281 42 48
e 281 120 50
e 281 121 40
e 281 122 26
e 281 200 43
e 281 201 43
e 281 202 52
e 281 280 28
e 282 41 17
e 282 42 59
e 282 43 42
e 282 121 44
e 282 122 28
e 282 123 46
e 282 201 7
e 282 202 46
e 282 203 48
e 282 281 39
e 283 42 36
e 283 43 21
e 283 44 7
e 283 122 27
e 283 123 63
e 283 124 44
e 283 202 47
e 283 203 36
e 283 204 15
e 283 282 33
e 284 43 40
e 284 44 16
e 284 45 52
e 284 123 5
e 284 124 3
e 284 125 67
e 284 203 4
e 284 204 25
e 284 205 70
e 284 283 22
e 285 44 1
e 285 45 27
e 285 46 60
e 285 124 10
e 285 125 8
e 285 126 24
e 285 204 14
e 285 205 35
e 285 206 28
e 285 284 28
e 286 45 37
e 286 46 36
e 286 47 55
e 286 125 45
e 286 126 40
e 286 127 55
e 286 205 57
e 286 206 42
e 286 207 33
e 286 285 39
e 287 46 69
e 287 47 29
e 287 48 11
e 287 126 21
e 287 127 19
e 287 128 50
e 287 206 31
e 287 207 35
e 287 208 12
e 287 286 9
e 288 47 17
e 288 48 36
e 288 49 44
e 288 127 37
e 288 128 47
e 288 129 23
e 288 207 6
e 288 208 66
e 288 209 38
e 288 287 60
e 289 48 5
e 289 49 27
e 289 50 29
e 289 128 54
e 289 129 36
e 289 130 51
e 289 208 38
e 289 209 36
e 289 210 43
e 289 288 11
e 290 49 20
e 290 50 64
e 290 51 43
e 290 129 18
e 290 130 32
e 290 131 6
e 290 209 21
e 290 210 4
e 290 211 62
e 290 289 57
e 291 50 30
e 291 51 67
e 291 52 50
e 291 130 60
e 291 131 66
e 291 132 38
e 291 210 42
e 291 211 29
e 291 212 23
e 291 290 63
e 292 51 55
e 292 52 7
e 292 53 35
e 292 131 46
e 292 132 20
e 292 133 19
e 292 211 7
e 292 212 26
e 292 213 3
e 292 291 59
e 293 52 44
e 293 53 44
e 293 54 35
e 293 132 9
e 293 133 22
e 293 134 51
e 293 212 34
e 293 213 17
e 293 214 61
e 293 292 15
e 294 53 39
e 294 54 69
e 294 55 26
e 294 133 36
e 294 134 43
e 294 135 43
e 294 213 32
e 294 214 59
e 294 215 32
e 294 293 34
e 295 54 19
e 295 55 52
e 295 56 56
e 295 134 4
e 295 135 49
e 295 136 52
e 295 214 18
e 295 215 57
e 295 216 51
e 295 294 53
e 296 55 69
e 296 56 17
e 296 57 54
e 296 135 44
e 296 136 51
e 296 137 10
e 296 215 47
e 296 216 58
e 296 217 36
e 296 295 62
e 297 56 42
e 297 57 41
e 297 58 19
e 297 136 37
e 297 137 33
e 297 138 37
e 297 216 43
e 297 217 53
e 297 218 12
e 297 296 7
e 298 57 19
e 298 58 17
e 298 59 24
e 298 137 43
e 298 138 21
e 298 139 60
e 298 217 56
e 298 218 22
e 298 219 23
e 298 297 12
e 299 58 13
e 299 59 45
e 299 60 56
e 299 138 46
e 299 139 34
e 299 140 56
e 299 218 55
e 299 219 61
e 299 220 67
e 299 298 66
e 300 59 28
e 300 60 63
e 300 61 36
e 300 139 14
e 300 140 24
e 300 141 23
e 300 219 53
e 300 220 6
e 300 221 65
e 300 299 48
e 301 60 16
e 301 61 35
e 301 62 5
e 301 140 7
e 301 141 10
e 301 142 68
e 301 220 47
e 301 221 48
e 301 222 34
e 301 300 3
e 302 61 65
e 302 62 27
e 302 63 34
e 302 141 63
e 302 142 62
e 302 143 1
e 302 221 62
e 302 222 30
e 302 223 12
e 302 301 35
e 303 62 16
e 303 63 13
e 303 64 54
e 303 142 1
e 303 143 48
e 303 144 22
e 303 222 33
e 303 223 40
e 303 224 57
e 303 302 46
e 304 63 36
e 304 64 50
e 304 65 65
e 304 143 52
e 304 144 59
e 304 145 5
e 304 223 46
e 304 224 49
e 304 225 47
e 304 303 25
e 305 64 29
e 305 65 11
e 305 66 16
e 305 144 22
e 305 145 55
e 305 146 53
e 305 224 18
e 305 225 68
e 305 226 53
e 305 304 67
e 306 65 6
e 306 66 1
e 306 67 67
e 306 145 26
e 306 146 31
e 306 147 33
e 306 225 64
e 306 226 43
e 306 227 45
e 306 305 7
e 307 66 65
e 307 67 3
e 307 68 14
e 307 146 46
e 307 147 70
e 307 148 44
e 307 226 35
e 307 227 46
e 307 228 68
e 307 306 11
e 308 67 14
e 308 68 41
e 308 69 16
e 308 147 55
e 308 148 24
e 308 149 30
e 308 227 35
e 308 228 16
e 308 229 22
e 308 307 61
e 309 68 11
e 309 69 33
e 309 70 4
e 309 148 50
e 309 149 52
e 309 150 12
e 309 228 21
e 309 229 30
e 309 230 38
e 309 308 17
e 310 69 50
e 310 70 48
e 310 71 32
e 310 149 33
e 310 150 31
e 310 151 63
e 310 229 1
e 310 230 6
e 310 231 51
e 310 309 32
e 311 70 29
e 311 71 70
e 311 72 9
e 311 150 16
e 311 151 9
e 311 152 7
e 311 230 31
e 311 231 32
e 311 232 62
e 311 310 59
e 312 71 10
e 312 72 24
e 312 73 61
e 312 151 44
e 312 152 38
e 312 153 42
e 312 231 41
e 312 232 64
e 312 233 8
e 312 311 66
e 313 72 11
e 313 73 48
e 313 74 29
e 313 152 7
e 313 153 36
e 313 154 25
e 313 232 1
e 313 233 28
e 313 234 31
e 313 312 29
e 314 73 64
e 314 74 18
e 314 75 52
e 314 153 4
e 314 154 52
e 314 155 42
e 314 233 18
e 314 234 64
e 314 235 46
e 314 313 1
e 315 74 44
e 315 75 52
e 315 76 63
e 315 154 6
e 315 155 49
e 315 156 25
e 315 234 2
e 315 235 2
e 315 236 16
e 315 314 56
e 316 75 27
e 316 76 5
e 316 77 22
e 316 155 29
e 316 156 28
e 316 157 18
e 316 235 62
e 316 236 8
e 316 237 69
e 316 315 65
e 317 76 19
e 317 77 55
e 317 78 36
e 317 156 39
e 317 157 60
e 317 158 56
e 317 236 27
e 317 237 11
e 317 238 12
e 317 316 65
e 318 77 38
e 318 78 8
e 318 79 53
e 318 157 62
e 318 158 42
e 318 159 49
e 318 237 12
e 318 238 54
e 318 239 12
e 318 317 35
e 319 78 43
e 319 79 46
e 319 80 51
e 319 158 31
e 319 159 4
e 319 160 51
e 319 238 63
e 319 239 46
e 319 240 23
e 319 318 1
e 320 1 70
e 320 79 7
e 320 80 24
e 320 81 16
e 320 159 16
e 320 160 3
e 320 161 69
e 320 239 43
e 320 240 54
e 320 241 54
e 320 319 46
e 321 1 35
e 321 2 66
e 321 80 45
e 321 81 20
e 321 82 51
e 321 160 16
e 321 161 12
e 321 162 63
e 321 240 56
e 321 241 7
e 321 242 59
e 321 320 29
e 322 1 22
e 322 2 52
e 322 3 39
e 322 81 70
e 322 82 14
e 322 83 64
e 322 161 54
e 322 162 48
e 322 163 29
e 322 241 66
e 322 242 12
e 322 243 44
e 322 321 3
e 323 2 32
e 323 3 24
e 323 4 6
e 323 82 23
e 323 83 3
e 323 84 24
e 323 162 15
e 323 163 56
e 323 164 36
e 323 242 22
e 323 243 70
e 323 244 10
e 323 322 6
e 324 3 2
e 324 4 47
e 324 5 12
e 324 83 60
e 324 84 14
e 324 85 67
e 324 163 18
e 324 164 26
e 324 165 35
e 324 243 48
e 324 244 50
e 324 245 64
e 324 323 34
e 325 4 45
e 325 5 4
e 325 6 39
e 325 84 58
e 325 85 26
e 325 86 33
e 325 164 31
e 325 165 63
e 325 166 62
e 325 244 44
e 325 245 24
e 325 246 7
e 325 324 70
e 326 5 67
e 326 6 15
e 326 7 17
e 326 85 63
e 326 86 58
e 326 87 51
e 326 165 41
e 326 166 57
e 326 167 31
e 326 245 18
e 326 246 47
e 326 247 38
e 326 325 23
e 327 6 30
e 327 7 20
e 327 8 32
e 327 86 56
e 327 87 19
e 327 88 15
e 327 166 58
e 327 167 62
e 327 168 70
e 327 246 33
e 327 247 19
e 327 248 2
e 327 326 25
e 328 7 22
e 328 8 54
e 328 9 55
e 328 87 13
e 328 88 25
e 328 89 40
e 328 167 52
e 328 168 46
e 328 169 9
e 328 247 2
e 328 248 48
e 328 249 53
e 328 327 69
e 329 8 43
e 329 9 42
e 329 10 56
e 329 88 60
e 329 89 41
e 329 90 54
e 329 168 69
e 329 169 63
e 329 170 9
e 329 248 23
e 329 249 7
e 329 250 37
e 329 328 24
e 330 9 21
e 330 10 40
e 330 11 22
e 330 89 41
e 330 90 15
e 330 91 60
e 330 169 55
e 330 170 60
e 330 171 28
e 330 249 32
e 330 250 9
e 330 251 30
e 330 329 61
e 331 10 19
e 331 11 19
e 331 12 20
e 331 90 18
e 331 91 15
e 331 92 11
e 331 170 16
e 331 171 7
e 331 172 30
e 331 250 62
e 331 251 63
e 331 252 15
e 331 330 10
e 332 11 60
e 332 12 28
e 332 13 8
e 332 91 19
e 332 92 17
e 332 93 20
e 332 171 40
e 332 172 12
e 332 173 53
e 332 251 1
e 332 252 67
e 332 253 35
e 332 331 16
e 333 12 12
e 333 13 63
e 333 14 23
e 333 92 21
e 333 93 24
e 333 94 25
e 333 172 61
e 333 173 29
e 333 174 36
e 333 252 70
e 333 253 48
e 333 254 67
e 333 332 1
e 334 13 54
e 334 14 40
e 334 15 41
e 334 93 63
e 334 94 54
e 334 95 20
e 334 173 62
e 334 174 32
e 334 175 3
e 334 253 65
e 334 254 51
e 334 255 7
e 334 333 33
e 335 14 38
e 335 15 17
e 335 16 38
e 335 94 11
e 335 95 56
e 335 96 37
e 335 174 42
e 335 175 28
e 335 176 69
e 335 254 38
e 335 255 21
e 335 256 37
e 335 334 22
e 336 15 20
e 336 16 60
e 336 17 50
e 336 95 34
e 336 96 19
e 336 97 29
e 336 175 58
e 336 176 57
e 336 177 18
e 336 255 62
e 336 256 16
e 336 257 46
e 336 335 15
e 337 16 32
e 337 17 47
e 337 18 29
e 337 96 35
e 337 97 56
e 337 98 41
e 337 176 54
e 337 177 16
e 337 178 67
e 337 256 46
e 337 257 35
e 337 258 40
e 337 336 67
e 338 17 58
e 338 18 55
e 338 19 13
e 338 97 10
e 338 98 25
e 338 99 20
e 338 177 3
e 338 178 8
e 338 179 52
e 338 257 16
e 338 258 12
e 338 259 29
e 338 337 66
e 339 18 65
e 339 19 19
e 339 20 47
e 339 98 2
e 339 99 46
e 339 100 43
e 339 178 61
e 339 179 43
e 339 180 40
e 339 258 31
e 339 259 66
e 339 260 38
e 339 338 18
e 340 19 35
e 340 20 42
e 340 21 6
e 340 99 68
e 340 100 51
e 340 101 13
e 340 179 19
e 340 180 61
e 340 181 69
e 340 259 52
e 340 260 1
e 340 261 20
e 340 339 3
e 341 20 31
e 341 21 62
e 341 22 51
e 341 100 55
e 341 101 48
e 341 102 62
e 341 180 1
e 341 181 21
e 341 182 56
e 341 260 7
e 341 261 24
e 341 262 45
e 341 340 25
e 342 21 39
e 342 22 50
e 342 23 27
e 342 101 10
e 342 102 60
e 342 103 50
e 342 181 60
e 342 182 53
e 342 183 32
e 342 261 5
e 342 262 16
e 342 263 40
e 342 341 26
e 343 22 13
e 343 23 49
e 343 24 44
e 343 102 44
e 343 103 62
e 343 104 39
e 343 182 69
e 343 183 11
e 343 184 62
e 343 262 25
e 343 263 70
e 343 264 58
e 343 342 9
e 344 23 16
e 344 24 54
e 344 25 23
e 344 103 56
e 344 104 18
e 344 105 21
e 344 183 50
e 344 184 55
e 344 185 55
e 344 263 13
e 344 264 67
e 344 265 68
e 344 343 48
e 345 24 42
e 345 25 35
e 345 26 25
e 345 104 5
e 345 105 45
e 345 106 16
e 345 184 15
e 345 185 69
e 345 186 64
e 345 264 4
e 345 265 61
e 345 266 49
e 345 344 56
e 346 25 39
e 346 26 41
e 346 27 21
e 346 105 9
e 346 106 1
e 346 107 48
e 346 185 59
e 346 186 26
e 346 187 34
e 346 265 50
e 346 266 47
e 346 267 18
e 346 345 47
e 347 26 36
e 347 27 64
e 347 28 34
e 347 106 68
e 347 107 63
e 347 108 20
e 347 186 51
e 347 187 36
e 347 188 56
e 347 266 61
e 347 267 18
e 347 268 59
e 347 346 1
e 348 27 2
e 348 28 65
e 348 29 42
e 348 107 36
e 348 108 36
e 348 109 63
e 348 187 11
e 348 188 53
e 348 189 61
e 348 267 63
e 348 268 22
e 348 269 28
e 348 347 11
e 349 28 21
e 349 29 16
e 349 30 33
e 349 108 30
e 349 109 49
e 349 110 41
e 349 188 10
e 349 189 70
e 349 190 39
e 349 268 27
e 349 269 51
e 349 270 16
e 349 348 9
e 350 29 59
e 350 30 31
e 350 31 56
e 350 109 52
e 350 110 55
e 350 111 69
e 350 189 43
e 350 190 17
e 350 191 17
e 350 269 65
e 350 270 49
e 350 271 54
e 350 349 24
e 351 30 12
e 351 31 43
e 351 32 45
e 351 110 3
e 351 111 5
e 351 112 30
e 351 190 33
e 351 191 65
e 351 192 29
e 351 270 20
e 351 271 43
e 351 272 23
e 351 350 4
e 352 31 48
e 352 32 55
e 352 33 10
e 352 111 14
e 352 112 8
e 352 113 5
e 352 191 58
e 352 192 31
e 352 193 44
e 352 271 47
e 352 272 5
e 352 273 61
e 352 351 33
e 353 32 47
e 353 33 41
e 353 34 67
e 353 112 53
e 353 113 15
e 353 114 23
e 353 192 14
e 353 193 43
e 353 194 10
e 353 272 31
e 353 273 14
e 353 274 10
e 353 352 70
e 354 33 63
e 354 34 24
e 354 35 44
e 354 113 7
e 354 114 12
e 354 115 42
e 354 193 25
e 354 194 31
e 354 195 20
e 354 273 41
e 354 274 50
e 354 275 54
e 354 353 8
e 355 34 2
e 355 35 14
e 355 36 50
e 355 114 13
e 355 115 23
e 355 116 10
e 355 194 49
e 355 195 39
e 355 196 1
e 355 274 47
e 355 275 70
e 355 276 35
e 355 354 45
e 356 35 54
e 356 36 63
e 356 37 44
e 356 115 28
e 356 116 43
e 356 117 43
e 356 195 34
e 356 196 31
e 356 197 60
e 356 275 55
e 356 276 17
e 356 277 55
e 356 355 57
e 357 36 19
e 357 37 61
e 357 38 66
e 357 116 5
e 357 117 20
e 357 118 64
e 357 196 44
e 357 197 19
e 357 198 56
e 357 276 48
e 357 277 54
e 357 278 30
e 357 356 61
e 358 37 61
e 358 38 48
e 358 39 22
e 358 117 66
e 358 118 70
e 358 119 47
e 358 197 38
e 358 198 8
e 358 199 10
e 358 277 61
e 358 278 41
e 358 279 23
e 358 357 64
e 359 38 52
e 359 39 1
e 359 40 11
e 359 118 13
e 359 119 40
e 359 120 53
e 359 198 62
e 359 199 42
e 359 200 62
e 359 278 45
e 359 279 55
e 359 280 14
e 359 358 10
e 360 39 22
e 360 40 50
e 360 41 59
e 360 119 4
e 360 120 52
e 360 121 5
e 360 199 8
e 360 200 30
e 360 201 47
e 360 279 65
e 360 280 3
e 360 281 66
e 360 359 29
e 361 40 54
e 361 41 47
e 361 42 17
e 361 120 14
e 361 121 15
e 361 122 19
e 361 200 16
e 361 201 41
e 361 202 22
e 361 280 57
e 361 281 20
e 361 282 52
e 361 360 67
e 362 41 14
e 362 42 66
e 362 43 70
e 362 121 67
e 362 122 22
e 362 123 3
e 362 201 13
e 362 202 41
e 362 203 68
e 362 281 55
e 362 282 37
e 362 283 9
e 362 361 59
e 363 42 34
e 363 43 11
e 363 44 49
e 363 122 15
e 363 123 54
e 363 124 2
e 363 202 9
e 363 203 68
e 363 204 29
e 363 282 40
e 363 283 22
e 363 284 2
e 363 362 31
e 364 43 3
e 364 44 40
e 364 45 30
e 364 123 70
e 364 124 22
e 364 125 13
e 364 203 62
e 364 204 59
e 364 205 69
e 364 283 28
e 364 284 46
e 364 285 52
e 364 363 12
e 365 44 42
e 365 45 10
e 365 46 9
e 365 124 70
e 365 125 19
e 365 126 2
e 365 204 46
e 365 205 67
e 365 206 64
e 365 284 29
e 365 285 70
e 365 286 24
e 365 364 19
e 366 45 29
e 366 46 29
e 366 47 61
e 366 125 51
e 366 126 31
e 366 127 43
e 366 205 64
e 366 206 41
e 366 207 46
e 366 285 53
e 366 286 43
e 366 287 54
e 366 365 1
e 367 46 6
e 367 47 18
e 367 48 65
e 367 126 67
e 367 127 43
e 367 128 20
e 367 206 9
e 367 207 61
e 367 208 70
e 367 286 4
e 367 287 48
e 367 288 27
e 367 366 70
e 368 47 43
e 368 48 17
e 368 49 51
e 368 127 21
e 368 128 24
e 368 129 69
e 368 207 26
e 368 208 16
e 368 209 13
e 368 287 29
e 368 288 50
e 368 289 10
e 368 367 22
e 369 48 19
e 369 49 63
e 369 50 13
e 369 128 5
e 369 129 47
e 369 130 30
e 369 208 57
e 369 209 2
e 369 210 33
e 369 288 67
e 369 289 24
e 369 290 35
e 369 368 61
e 370 49 62
e 370 50 29
e 370 51 13
e 370 129 67
e 370 130 41
e 370 131 53
e 370 209 8
e 370 210 65
e 370 211 18
e 370 289 61
e 370 290 39
e 370 291 1
e 370 369 45
e 371 50 18
e 371 51 23
e 371 52 35
e 371 130 53
e 371 131 29
e 371 132 30
e 371 210 2
e 371 211 28
e 371 212 21
e 371 290 23
e 371 291 58
e 371 292 67
e 371 370 64
e 372 51 6
e 372 52 16
e 372 53 36
e 372 131 60
e 372 132 37
e 372 133 51
e 372 211 35
e 372 212 69
e 372 213 17
e 372 291 20
e 372 292 46
e 372 293 18
e 372 371 43
e 373 52 17
e 373 53 38
e 373 54 33
e 373 132 45
e 373 133 38
e 373 134 52
e 373 212 36
e 373 213 45
e 373 214 1
e 373 292 35
e 373 293 10
e 373 294 17
e 373 372 55
e 374 53 51
e 374 54 10
e 374 55 50
e 374 133 50
e 374 134 65
e 374 135 1
e 374 213 60
e 374 214 56
e 374 215 65
e 374 293 38
e 374 294 4
e 374 295 27
e 374 373 53
e 375 54 8
e 375 55 40
e 375 56 18
e 375 134 5
e 375 135 36
e 375 136 53
e 375 214 21
e 375 215 47
e 375 216 13
e 375 294 28
e 375 295 20
e 375 296 60
e 375 374 13
e 376 55 1
e 376 56 12
e 376 57 9
e 376 135 16
e 376 136 13
e 376 137 4
e 376 215 34
e 376 216 11
e 376 217 56
e 376 295 21
e 376 296 20
e 376 297 15
e 376 375 37
e 377 56 56
e 377 57 25
e 377 58 10
e 377 136 49
e 377 137 41
e 377 138 12
e 377 216 32
e 377 217 67
e 377 218 13
e 377 296 2
e 377 297 14
e 377 298 10
e 377 376 54
e 378 57 19
e 378 58 18
e 378 59 11
e 378 137 28
e 378 138 36
e 378 139 29
e 378 217 44
e 378 218 59
e 378 219 56
e 378 297 12
e 378 298 48
e 378 299 11
e 378 377 67
e 379 58 15
e 379 59 50
e 379 60 62
e 379 138 36
e 379 139 31
e 379 140 9
e 379 218 8
e 379 219 38
e 379 220 42
e 379 298 18
e 379 299 2
e 379 300 13
e 379 378 52
e 380 59 68
e 380 60 32
e 380 61 22
e 380 139 3
e 380 140 24
e 380 141 36
e 380 219 2
e 380 220 60
e 380 221 17
e 380 299 9
e 380 300 57
e 380 301 34
e 380 379 61
e 381 60 45
e 381 61 54
e 381 62 21
e 381 140 14
e 381 141 61
e 381 142 53
e 381 220 35
e 381 221 59
e 381 222 8
e 381 300 54
e 381 301 1
e 381 302 50
e 381 380 10
e 382 61 58
e 382 62 15
e 382 63 58
e 382 141 41
e 382 142 23
e 382 143 45
e 382 221 19
e 382 222 36
e 382 223 36
e 382 301 28
e 382 302 6
e 382 303 66
e 382 381 30
e 383 62 20
e 383 63 23
e 383 64 13
e 383 142 65
e 383 143 15
e 383 144 70
e 383 222 18
e 383 223 31
e 383 224 56
e 383 302 68
e 383 303 38
e 383 304 40
e 383 382 55
e 384 63 55
e 384 64 16
e 384 65 43
e 384 143 15
e 384 144 8
e 384 145 29
e 384 223 3
e 384 224 3
e 384 225 27
e 384 303 26
e 384 304 18
e 384 305 42
e 384 383 49
e 385 64 39
e 385 65 45
e 385 66 13
e 385 144 65
e 385 145 3
e 385 146 19
e 385 224 13
e 385 225 52
e 385 226 13
e 385 304 49
e 385 305 62
e 385 306 32
e 385 384 50
e 386 65 3
e 386 66 39
e 386 67 43
e 386 145 22
e 386 146 52
e 386 147 36
e 386 225 56
e 386 226 63
e 386 227 29
e 386 305 30
e 386 306 51
e 386 307 50
e 386 385 64
e 387 66 6
e 387 67 57
e 387 68 68
e 387 146 52
e 387 147 44
e 387 148 27
e 387 226 41
e 387 227 5
e 387 228 9
e 387 306 55
e 387 307 18
e 387 308 57
e 387 386 58
e 388 67 8
e 388 68 66
e 388 69 58
e 388 147 43
e 388 148 50
e 388 149 58
e 388 227 55
e 388 228 70
e 388 229 18
e 388 307 45
e 388 308 43
e 388 309 70
e 388 387 58
e 389 68 65
e 389 69 52
e 389 70 37
e 389 148 20
e 389 149 34
e 389 150 55
e 389 228 58
e 389 229 12
e 389 230 2
e 389 308 35
e 389 309 37
e 389 310 4
e 389 388 32
e 390 69 43
e 390 70 56
e 390 71 40
e 390 149 3
e 390 150 36
e 390 151 13
e 390 229 53
e 390 230 11
e 390 231 40
e 390 309 5
e 390 310 17
e 390 311 47
e 390 389 28
e 391 70 48
e 391 71 36
e 391 72 22
e 391 150 26
e 391 151 32
e 391 152 44
e 391 230 53
e 391 231 58
e 391 232 53
e 391 310 69
e 391 311 35
e 391 312 41
e 391 390 52
e 392 71 44
e 392 72 17
e 392 73 69
e 392 151 48
e 392 152 69
e 392 153 35
e 392 231 35
e 392 232 63
e 392 233 69
e 392 311 40
e 392 312 68
e 392 313 66
e 392 391 19
e 393 72 50
e 393 73 37
e 393 74 27
e 393 152 51
e 393 153 4
e 393 154 25
e 393 232 16
e 393 233 35
e 393 234 23
e 393 312 19
e 393 313 41
e 393 314 56
e 393 392 51
e 394 73 4
e 394 74 31
e 394 75 40
e 394 153 60
e 394 154 26
e 394 155 69
e 394 233 58
e 394 234 57
e 394 235 30
e 394 313 61
e 394 314 5
e 394 315 57
e 394 393 1
e 395 74 54
e 395 75 30
e 395 76 55
e 395 154 25
e 395 155 31
e 395 156 2
e 395 234 46
e 395 235 47
e 395 236 34
e 395 314 63
e 395 315 39
e 395 316 54
e 395 394 27
e 396 75 52
e 396 76 39
e 396 77 41
e 396 155 59
e 396 156 61
e 396 157 42
e 396 235 50
e 396 236 59
e 396 237 43
e 396 315 15
e 396 316 16
e 396 317 64
e 396 395 40
e 397 76 44
e 397 77 64
e 397 78 52
e 397 156 30
e 397 157 25
e 397 158 34
e 397 236 8
e 397 237 21
e 397 238 35
e 397 316 31
e 397 317 65
e 397 318 29
e 397 396 7
e 398 77 51
e 398 78 64
e 398 79 8
e 398 157 30
e 398 158 18
e 398 159 14
e 398 237 46
e 398 238 22
e 398 239 25
e 398 317 48
e 398 318 63
e 398 319 40
e 398 397 66
e 399 78 37
e 399 79 22
e 399 80 21
e 399 158 36
e 399 159 31
e 399 160 21
e 399 238 40
e 399 239 27
e 399 240 55
e 399 318 27
e 399 319 29
e 399 320 50
e 399 398 45
e 400 1 64
e 400 79 46
e 400 80 49
e 400 81 51
e 400 159 70
e 400 160 3
e 400 161 50
e 400 239 62
e 400 240 14
e 400 241 24
e 400 319 8
e 400 320 66
e 400 321 47
e 400 399 30
e 401 1 26
e 401 2 38
e 401 80 50
e 401 81 16
e 401 82 4
e 401 160 33
e 401 161 3
e 401 162 2
e 401 240 49
e 401 241 32
e 401 242 27
e 401 320 52
e 401 321 33
e 401 322 2
e 401 400 30
e 402 1 35
e 402 2 10
e 402 3 53
e 402 81 21
e 402 82 33
e 402 83 35
e 402 161 28
e 402 162 14
e 402 163 34
e 402 241 41
e 402 242 7
e 402 243 56
e 402 321 19
e 402 322 22
e 402 323 52
e 402 401 38
e 403 2 48
e 403 3 30
e 403 4 42
e 403 82 34
e 403 83 19
e 403 84 21
e 403 162 36
e 403 163 69
e 403 164 58
e 403 242 5
e 403 243 36
e 403 244 60
e 403 322 54
e 403 323 35
e 403 324 17
e 403 402 28
e 404 3 64
e 404 4 44
e 404 5 9
e 404 83 34
e 404 84 11
e 404 85 54
e 404 163 19
e 404 164 66
e 404 165 44
e 404 243 56
e 404 244 53
e 404 245 45
e 404 323 40
e 404 324 46
e 404 325 38
e 404 403 23
e 405 4 68
e 405 5 56
e 405 6 19
e 405 84 57
e 405 85 17
e 405 86 14
e 405 164 16
e 405 165 20
e 405 166 3
e 405 244 35
e 405 245 9
e 405 246 1
e 405 324 21
e 405 325 13
e 405 326 49
e 405 404 51
e 406 5 56
e 406 6 1
e 406 7 26
e 406 85 46
e 406 86 45
e 406 87 47
e 406 165 37
e 406 166 47
e 406 167 69
e 406 245 16
e 406 246 33
e 406 247 54
e 406 325 69
e 406 326 51
e 406 327 29
e 406 405 63
e 407 6 20
e 407 7 18
e 407 8 63
e 407 86 65
e 407 87 25
e 407 88 22
e 407 166 44
e 407 167 60
e 407 168 47
e 407 246 64
e 407 247 43
e 407 248 31
e 407 326 35
e 407 327 10
e 407 328 49
e 407 406 42
e 408 7 3
e 408 8 6
e 408 9 8
e 408 87 3
e 408 88 32
e 408 89 21
e 408 167 42
e 408 168 65
e 408 169 59
e 408 247 63
e 408 248 60
e 408 249 21
e 408 327 5
e 408 328 20
e 408 329 41
e 408 407 57
e 409 8 68
e 409 9 1
e 409 10 60
e 409 88 6
e 409 89 12
e 409 90 67
e 409 168 48
e 409 169 65
e 409 170 61
e 409 248 41
e 409 249 68
e 409 250 45
e 409 328 52
e 409 329 69
e 409 330 32
e 409 408 53
e 410 9 31
e 410 10 42
e 410 11 21
e 410 89 4
e 410 90 20
e 410 91 42
e 410 169 59
e 410 170 17
e 410 171 23
e 410 249 14
e 410 250 48
e 410 251 29
e 410 329 62
e 410 330 36
e 410 331 56
e 410 409 18
e 411 10 44
e 411 11 18
e 411 12 21
e 411 90 66
e 411 91 44
e 411 92 3
e 411 170 20
e 411 171 10
e 411 172 58
e 411 250 69
e 411 251 51
e 411 252 50
e 411 330 35
e 411 331 27
e 411 332 47
e 411 410 17
e 412 11 37
e 412 12 11
e 412 13 59
e 412 91 62
e 412 92 25
e 412 93 7
e 412 171 30
e 412 172 20
e 412 173 19
e 412 251 58
e 412 252 52
e 412 253 6
e 412 331 11
e 412 332 44
e 412 333 65
e 412 411 4
e 413 12 22
e 413 13 4
e 413 14 6
e 413 92 41
e 413 93 58
e 413 94 70
e 413 172 67
e 413 173 19
e 413 174 36
e 413 252 12
e 413 253 68
e 413 254 31
e 413 332 6
e 413 333 47
e 413 334 60
e 413 412 62
e 414 13 51
e 414 14 19
e 414 15 7
e 414 93 20
e 414 94 70
e 414 95 46
e 414 173 48
e 414 174 3
e 414 175 7
e 414 253 48
e 414 254 27
e 414 255 3
e 414 333 13
e 414 334 21
e 414 335 44
e 414 413 68
e 415 14 68
e 415 15 42
e 415 16 52
e 415 94 21
e 415 95 52
e 415 96 26
e 415 174 60
e 415 175 10
e 415 176 5
e 415 254 48
e 415 255 68
e 415 256 15
e 415 334 17
e 415 335 53
e 415 336 27
e 415 414 54
e 416 15 69
e 416 16 40
e 416 17 59
e 416 95 10
e 416 96 54
e 416 97 17
e 416 175 8
e 416 176 7
e 416 177 8
e 416 255 27
e 416 256 12
e 416 257 16
e 416 335 11
e 416 336 41
e 416 337 2
e 416 415 55
e 417 16 66
e 417 17 42
e 417 18 30
e 417 96 70
e 417 97 26
e 417 98 59
e 417 176 15
e 417 177 56
e 417 178 13
e 417 256 60
e 417 257 35
e 417 258 18
e 417 336 46
e 417 337 21
e 417 338 3
e 417 416 11
e 418 17 31
e 418 18 42
e 418 19 4
e 418 97 11
e 418 98 39
e 418 99 5
e 418 177 30
e 418 178 9
e 418 179 13
e 418 257 36
e 418 258 52
e 418 259 57
e 418 337 38
e 418 338 49
e 418 339 70
e 418 417 44
e 419 18 35
e 419 19 66
e 419 20 39
e 419 98 63
e 419 99 43
e 419 100 50
e 419 178 53
e 419 179 57
e 419 180 52
e 419 258 51
e 419 259 35
e 419 260 27
e 419 338 31
e 419 339 9
e 419 340 52
e 419 418 55
e 420 19 50
e 420 20 21
e 420 21 17
e 420 99 30
e 420 100 23
e 420 101 5
e 420 179 30
e 420 180 42
e 420 181 58
e 420 259 54
e 420 260 18
e 420 261 3
e 420 339 31
e 420 340 1
e 420 341 8
e 420 419 26
e 421 20 50
e 421 21 15
e 421 22 7
e 421 100 44
e 421 101 47
e 421 102 36
e 421 180 39
e 421 181 22
e 421 182 41
e 421 260 7
e 421 261 58
e 421 262 43
e 421 340 55
e 421 341 56
e 421 342 14
e 421 420 10
e 422 21 34
e 422 22 51
e 422 23 41
e 422 101 39
e 422 102 15
e 422 103 25
e 422 181 8
e 422 182 2
e 422 183 49
e 422 261 17
e 422 262 54
e 422 263 5
e 422 341 46
e 422 342 30
e 422 343 42
e 422 421 37
e 423 22 51
e 423 23 25
e 423 24 31
e 423 102 18
e 423 103 35
e 423 104 64
e 423 182 20
e 423 183 3
e 423 184 8
e 423 262 48
e 423 263 29
e 423 264 35
e 423 342 18
e 423 343 38
e 423 344 49
e 423 422 66
e 424 23 48
e 424 24 13
e 424 25 60
e 424 103 70
e 424 104 67
e 424 105 3
e 424 183 28
e 424 184 7
e 424 185 20
e 424 263 5
e 424 264 8
e 424 265 5
e 424 343 13
e 424 344 53
e 424 345 69
e 424 423 44
e 425 24 47
e 425 25 29
e 425 26 25
e 425 104 32
e 425 105 33
e 425 106 61
e 425 184 43
e 425 185 55
e 425 186 18
e 425 264 59
e 425 265 38
e 425 266 34
e 425 344 27
e 425 345 41
e 425 346 23
e 425 424 47
e 426 25 31
e 426 26 9
e 426 27 62
e 426 105 18
e 426 106 12
e 426 107 41
e 426 185 51
e 426 186 41
e 426 187 41
e 426 265 52
e 426 266 10
e 426 267 54
e 426 345 44
e 426 346 10
e 426 347 48
e 426 425 10
e 427 26 3
e 427 27 57
e 427 28 37
e 427 106 22
e 427 107 10
e 427 108 10
e 427 186 46
e 427 187 19
e 427 188 3
e 427 266 6
e 427 267 26
e 427 268 24
e 427 346 4
e 427 347 68
e 427 348 9
e 427 426 13
e 428 27 19
e 428 28 18
e 428 29 50
e 428 107 55
e 428 108 36
e 428 109 1
e 428 187 30
e 428 188 56
e 428 189 4
e 428 267 37
e 428 268 64
e 428 269 59
e 428 347 15
e 428 348 63
e 428 349 37
e 428 427 29
e 429 28 8
e 429 29 44
e 429 30 37
e 429 108 65
e 429 109 66
e 429 110 6
e 429 188 50
e 429 189 31
e 429 190 6
e 429 268 66
e 429 269 63
e 429 270 2
e 429 348 53
e 429 349 60
e 429 350 18
e 429 428 8
e 430 29 54
e 430 30 30
e 430 31 14
e 430 109 65
e 430 110 59
e 430 111 47
e 430 189 12
e 430 190 49
e 430 191 17
e 430 269 30
e 430 270 50
e 430 271 41
e 430 349 58
e 430 350 70
e 430 351 30
e 430 429 54
e 431 30 52
e 431 31 52
e 431 32 34
e 431 110 26
e 431 111 56
e 431 112 43
e 431 190 59
e 431 191 25
e 431 192 56
e 431 270 68
e 431 271 38
e 431 272 31
e 431 350 2
e 431 351 53
e 431 352 53
e 431 430 10
e 432 31 21
e 432 32 1
e 432 33 23
e 432 111 36
e 432 112 1
e 432 113 36
e 432 191 33
e 432 192 22
e 432 193 52
e 432 271 47
e 432 272 29
e 432 273 69
e 432 351 59
e 432 352 33
e 432 353 38
e 432 431 40
e 433 32 56
e 433 33 15
e 433 34 44
e 433 112 62
e 433 113 43
e 433 114 17
e 433 192 10
e 433 193 55
e 433 194 68
e 433 272 34
e 433 273 11
e 433 274 35
e 433 352 59
e 433 353 3
e 433 354 25
e 433 432 32
e 434 33 62
e 434 34 35
e 434 35 52
e 434 113 17
e 434 114 34
e 434 115 51
e 434 193 58
e 434 194 40
e 434 195 27
e 434 273 66
e 434 274 26
e 434 275 2
e 434 353 32
e 434 354 39
e 434 355 5
e 434 433 58
e 435 34 5
e 435 35 2
e 435 36 23
e 435 114 53
e 435 115 34
e 435 116 50
e 435 194 41
e 435 195 34
e 435 196 41
e 435 274 67
e 435 275 69
e 435 276 67
e 435 354 18
e 435 355 4
e 435 356 52
e 435 434 47
e 436 35 7
e 436 36 40
e 436 37 16
e 436 115 29
e 436 116 49
e 436 117 49
e 436 195 14
e 436 196 63
e 436 197 5
e 436 275 25
e 436 276 43
e 436 277 3
e 436 355 35
e 436 356 17
e 436 357 55
e 436 435 38
e 437 36 30
e 437 37 40
e 437 38 19
e 437 116 70
e 437 117 35
e 437 118 1
e 437 196 38
e 437 197 21
e 437 198 36
e 437 276 40
e 437 277 14
e 437 278 42
e 437 356 48
e 437 357 44
e 437 358 6
e 437 436 2
e 438 37 27
e 438 38 39
e 438 39 20
e 438 117 18
e 438 118 60
e 438 119 26
e 438 197 68
e 438 198 28
e 438 199 18
e 438 277 65
e 438 278 61
e 438 279 7
e 438 357 46
e 438 358 28
e 438 359 24
e 438 437 62
e 439 38 67
e 439 39 46
e 439 40 58
e 439 118 20
e 439 119 36
e 439 120 66
e 439 198 12
e 439 199 7
e 439 200 63
e 439 278 17
e 439 279 47
e 439 280 67
e 439 358 57
e 439 359 12
e 439 360 28
e 439 438 4
e 440 39 8
e 440 40 64
e 440 41 11
e 440 119 56
e 440 120 40
e 440 121 9
e 440 199 12
e 440 200 31
e 440 201 38
e 440 279 5
e 440 280 9
e 440 281 28
e 440 359 65
e 440 360 35
e 440 361 23
e 440 439 51
e 441 40 9
e 441 41 21
e 441 42 64
e 441 120 35
e 441 121 39
e 441 122 8
e 441 200 30
e 441 201 70
e 441 202 63
e 441 280 36
e 441 281 46
e 441 282 21
e 441 360 61
e 441 361 38
e 441 362 57
e 441 440 35
e 442 41 15
e 442 42 19
e 442 43 24
e 442 121 63
e 442 122 19
e 442 123 34
e 442 201 34
e 442 202 67
e 442 203 11
e 442 281 43
e 442 282 36
e 442 283 23
e 442 361 18
e 442 362 56
e 442 363 13
e 442 441 69
e 443 42 14
e 443 43 50
e 443 44 22
e 443 122 28
e 443 123 50
e 443 124 54
e 443 202 68
e 443 203 27
e 443 204 38
e 443 282 44
e 443 283 49
e 443 284 58
e 443 362 41
e 443 363 37
e 443 364 32
e 443 442 65
e 444 43 26
e 444 44 68
e 444 45 8
e 444 123 52
e 444 124 11
e 444 125 11
e 444 203 58
e 444 204 23
e 444 205 33
e 444 283 62
e 444 284 20
e 444 285 54
e 444 363 37
e 444 364 36
e 444 365 66
e 444 443 70
e 445 44 34
e 445 45 55
e 445 46 48
e 445 124 5
e 445 125 5
e 445 126 11
e 445 204 19
e 445 205 30
e 445 206 31
e 445 284 33
e 445 285 27
e 445 286 68
e 445 364 35
e 445 365 57
e 445 366 33
e 445 444 65
e 446 45 22
e 446 46 19
e 446 47 36
e 446 125 13
e 446 126 46
e 446 127 3
e 446 205 69
e 446 206 7
e 446 207 54
e 446 285 49
e 446 286 40
e 446 287 3
e 446 365 15
e 446 366 26
e 446 367 6
e 446 445 7
e 447 46 22
e 447 47 14
e 447 48 34
e 447 126 54
e 447 127 49
e 447 128 51
e 447 206 60
e 447 207 9
e 447 208 58
e 447 286 55
e 447 287 12
e 447 288 40
e 447 366 16
e 447 367 45
e 447 368 3
e 447 446 60
e 448 47 57
e 448 48 29
e 448 49 51
e 448 127 7
e 448 128 40
e 448 129 45
e 448 207 40
e 448 208 18
e 448 209 54
e 448 287 58
e 448 288 37
e 448 289 21
e 448 367 70
e 448 368 8
e 448 369 8
e 448 447 63
e 449 48 64
e 449 49 48
e 449 50 55
e 449 128 25
e 449 129 37
e 449 130 54
e 449 208 47
e 449 209 48
e 449 210 52
e 449 288 67
e 449 289 26
e 449 290 23
e 449 368 58
e 449 369 52
e 449 370 69
e 449 448 6
e 450 49 50
e 450 50 55
e 450 51 6
e 450 129 6
e 450 130 27
e 450 131 43
e 450 209 65
e 450 210 41
e 450 211 69
e 450 289 59
e 450 290 70
e 450 291 19
e 450 369 68
e 450 370 17
e 450 371 9
e 450 449 20
e 451 50 42
e 451 51 54
e 451 52 14
e 451 130 19
e 451 131 69
e 451 132 54
e 451 210 30
e 451 211 5
e 451 212 68
e 451 290 29
e 451 291 55
e 451 292 20
e 451 370 4
e 451 371 20
e 451 372 47
e 451 450 10
e 452 51 53
e 452 52 18
e 452 53 43
e 452 131 63
e 452 132 49
e 452 133 53
e 452 211 62
e 452 212 24
e 452 213 45
e 452 291 66
e 452 292 39
e 452 293 50
e 452 371 42
e 452 372 42
e 452 373 57
e 452 451 56
e 453 52 10
e 453 53 56
e 453 54 19
e 453 132 7
e 453 133 41
e 453 134 11
e 453 212 39
e 453 213 39
e 453 214 38
e 453 292 33
e 453 293 50
e 453 294 59
e 453 372 47
e 453 373 31
e 453 374 34
e 453 452 12
e 454 53 23
e 454 54 22
e 454 55 4
e 454 133 21
e 454 134 63
e 454 135 43
e 454 213 54
e 454 214 63
e 454 215 67
e 454 293 24
e 454 294 61
e 454 295 17
e 454 373 34
e 454 374 26
e 454 375 27
e 454 453 62
e 455 54 31
e 455 55 10
e 455 56 67
e 455 134 32
e 455 135 31
e 455 136 39
e 455 214 13
e 455 215 31
e 455 216 33
e 455 294 43
e 455 295 22
e 455 296 60
e 455 374 67
e 455 375 17
e 455 376 64
e 455 454 68
e 456 55 26
e 456 56 31
e 456 57 19
e 456 135 30
e 456 136 45
e 456 137 66
e 456 215 2
e 456 216 32
e 456 217 51
e 456 295 52
e 456 296 40
e 456 297 41
e 456 375 55
e 456 376 61
e 456 377 41
e 456 455 53
e 457 56 66
e 457 57 6
e 457 58 37
e 457 136 30
e 457 137 64
e 457 138 40
e 457 216 12
e 457 217 46
e 457 218 56
e 457 296 10
e 457 297 60
e 457 298 66
e 457 376 50
e 457 377 19
e 457 378 51
e 457 456 12
e 458 57 8
e 458 58 64
e 458 59 17
e 458 137 30
e 458 138 25
e 458 139 44
e 458 217 16
e 458 218 50
e 458 219 25
e 458 297 13
e 458 298 43
e 458 299 9
e 458 377 67
e 458 378 54
e 458 379 4
e 458 457 15
e 459 58 24
e 459 59 41
e 459 60 68
e 459 138 61
e 459 139 69
e 459 140 9
e 459 218 44
e 459 219 44
e 459 220 39
e 459 298 69
e 459 299 25
e 459 300 32
e 459 378 62
e 459 379 44
e 459 380 68
e 459 458 68
e 460 59 25
e 460 60 3
e 460 61 48
e 460 139 43
e 460 140 21
e 460 141 50
e 460 219 31
e 460 220 24
e 460 221 25
e 460 299 33
e 460 300 8
e 460 301 18
e 460 379 49
e 460 380 5
e 460 381 54
e 460 459 2
e 461 60 35
e 461 61 53
e 461 62 44
e 461 140 64
e 461 141 63
e 461 142 65
e 461 220 36
e 461 221 67
e 461 222 15
e 461 300 66
e 461 301 28
e 461 302 66
e 461 380 31
e 461 381 23
e 461 382 50
e 461 460 14
e 462 61 23
e 462 62 16
e 462 63 58
e 462 141 70
e 462 142 48
e 462 143 40
e 462 221 23
e 462 222 1
e 462 223 36
e 462 301 54
e 462 302 14
e 462 303 24
e 462 381 28
e 462 382 28
e 462 383 15
e 462 461 37
e 463 62 8
e 463 63 45
e 463 64 16
e 463 142 17
e 463 143 46
e 463 144 25
e 463 222 15
e 463 223 12
e 463 224 7
e 463 302 3
e 463 303 58
e 463 304 14
e 463 382 40
e 463 383 61
e 463 384 24
e 463 462 49
e 464 63 57
e 464 64 20
e 464 65 36
e 464 143 4
e 464 144 61
e 464 145 63
e 464 223 64
e 464 224 15
e 464 225 29
e 464 303 3
e 464 304 15
e 464 305 20
e 464 383 45
e 464 384 6
e 464 385 11
e 464 463 32
e 465 64 53
e 465 65 28
e 465 66 35
e 465 144 55
e 465 145 59
e 465 146 44
e 465 224 58
e 465 225 52
e 465 226 6
e 465 304 55
e 465 305 44
e 465 306 11
e 465 384 49
e 465 385 65
e 465 386 17
e 465 464 7
e 466 65 24
e 466 66 15
e 466 67 11
e 466 145 50
e 466 146 21
e 466 147 25
e 466 225 70
e 466 226 56
e 466 227 47
e 466 305 65
e 466 306 44
e 466 307 6
e 466 385 27
e 466 386 21
e 466 387 21
e 466 465 45
e 467 66 61
e 467 67 45
e 467 68 61
e 467 146 31
e 467 147 64
e 467 148 51
e 467 226 18
e 467 227 10
e 467 228 64
e 467 306 12
e 467 307 68
e 467 308 30
e 467 386 47
e 467 387 66
e 467 388 45
e 467 466 20
e 468 67 61
e 468 68 9
e 468 69 51
e 468 147 22
e 468 148 39
e 468 149 61
e 468 227 51
e 468 228 57
e 468 229 67
e 468 307 59
e 468 308 48
e 468 309 43
e 468 387 11
e 468 388 67
e 468 389 51
e 468 467 61
e 469 68 54
e 469 69 17
e 469 70 56
e 469 148 6
e 469 149 8
e 469 150 41
e 469 228 24
e 469 229 39
e 469 230 28
e 469 308 3
e 469 309 21
e 469 310 26
e 469 388 24
e 469 389 9
e 469 390 33
e 469 468 17
e 470 69 62
e 470 70 19
e 470 71 42
e 470 149 21
e 470 150 42
e 470 151 58
e 470 229 37
e 470 230 64
e 470 231 41
e 470 309 20
e 470 310 16
e 470 311 25
e 470 389 48
e 470 390 38
e 470 391 48
e 470 469 10
e 471 70 14
e 471 71 5
e 471 72 68
e 471 150 27
e 471 151 12
e 471 152 19
e 471 230 34
e 471 231 58
e 471 232 6
e 471 310 4
e 471 311 54
e 471 312 42
e 471 390 32
e 471 391 33
e 471 392 15
e 471 470 29
e 472 71 24
e 472 72 24
e 472 73 60
e 472 151 43
e 472 152 28
e 472 153 4
e 472 231 43
e 472 232 49
e 472 233 17
e 472 311 46
e 472 312 12
e 472 313 22
e 472 391 21
e 472 392 49
e 472 393 60
e 472 471 2
e 473 72 70
e 473 73 27
e 473 74 62
e 473 152 38
e 473 153 37
e 473 154 16
e 473 232 57
e 473 233 25
e 473 234 53
e 473 312 66
e 473 313 2
e 473 314 22
e 473 392 22
e 473 393 8
e 473 394 12
e 473 472 45
e 474 73 18
e 474 74 44
e 474 75 68
e 474 153 15
e 474 154 33
e 474 155 1
e 474 233 22
e 474 234 25
e 474 235 8
e 474 313 35
e 474 314 21
e 474 315 45
e 474 393 62
e 474 394 14
e 474 395 53
e 474 473 36
e 475 74 65
e 475 75 59
e 475 76 46
e 475 154 15
e 475 155 52
e 475 156 61
e 475 234 65
e 475 235 54
e 475 236 50
e 475 314 16
e 475 315 37
e 475 316 54
e 475 394 32
e 475 395 42
e 475 396 65
e 475 474 37
e 476 75 10
e 476 76 44
e 476 77 52
e 476 155 48
e 476 156 13
e 476 157 21
e 476 235 1
e 476 236 23
e 476 237 12
e 476 315 4
e 476 316 30
e 476 317 36
e 476 395 63
e 476 396 17
e 476 397 54
e 476 475 70
e 477 76 29
e 477 77 28
e 477 78 55
e 477 156 70
e 477 157 36
e 477 158 60
e 477 236 34
e 477 237 7
e 477 238 58
e 477 316 26
e 477 317 48
e 477 318 21
e 477 396 13
e 477 397 14
e 477 398 27
e 477 476 37
e 478 77 13
e 478 78 65
e 478 79 42
e 478 157 36
e 478 158 27
e 478 159 24
e 478 237 23
e 478 238 6
e 478 239 53
e 478 317 40
e 478 318 27
e 478 319 23
e 478 397 31
e 478 398 57
e 478 399 38
e 478 477 1
e 479 78 30
e 479 79 45
e 479 80 11
e 479 158 6
e 479 159 35
e 479 160 34
e 479 238 1
e 479 239 9
e 479 240 15
e 479 318 9
e 479 319 48
e 479 320 12
e 479 398 2
e 479 399 42
e 479 400 46
e 479 478 22
e 480 1 60
e 480 79 14
e 480 80 12
e 480 81 54
e 480 159 57
e 480 160 61
e 480 161 48
e 480 239 6
e 480 240 44
e 480 241 23
e 480 319 56
e 480 320 33
e 480 321 11
e 480 399 11
e 480 400 26
e 480 401 27
e 480 479 1
e 481 1 57
e 481 2 69
e 481 80 66
e 481 81 19
e 481 82 54
e 481 160 40
e 481 161 44
e 481 162 14
e 481 240 69
e 481 241 5
e 481 242 4
e 481 320 56
e 481 321 44
e 481 322 68
e 481 400 20
e 481 401 65
e 481 402 58
e 481 480 19
e 482 1 61
e 482 2 10
e 482 3 43
e 482 81 11
e 482 82 49
e 482 83 61
e 482 161 62
e 482 162 34
e 482 163 68
e 482 241 55
e 482 242 10
e 482 243 54
e 482 321 6
e 482 322 31
e 482 323 70
e 482 401 13
e 482 402 28
e 482 403 3
e 482 481 55
e 483 2 39
e 483 3 2
e 483 4 49
e 483 82 10
e 483 83 21
e 483 84 32
e 483 162 17
e 483 163 25
e 483 164 43
e 483 242 21
e 483 243 2
e 483 244 13
e 483 322 10
e 483 323 34
e 483 324 31
e 483 402 67
e 483 403 23
e 483 404 13
e 483 482 51
e 484 3 61
e 484 4 13
e 484 5 31
e 484 83 50
e 484 84 58
e 484 85 11
e 484 163 2
e 484 164 60
e 484 165 67
e 484 243 55
e 484 244 17
e 484 245 68
e 484 323 59
e 484 324 38
e 484 325 14
e 484 403 14
e 484 404 68
e 484 405 58
e 484 483 1
e 485 4 45
e 485 5 46
e 485 6 6
e 485 84 15
e 485 85 44
e 485 86 65
e 485 164 38
e 485 165 68
e 485 166 19
e 485 244 55
e 485 245 35
e 485 246 9
e 485 324 62
e 485 325 44
e 485 326 13
e 485 404 48
e 485 405 67
e 485 406 32
e 485 484 49
e 486 5 1
e 486 6 40
e 486 7 61
e 486 85 5
e 486 86 47
e 486 87 43
e 486 165 21
e 486 166 61
e 486 167 47
e 486 245 68
e 486 246 14
e 486 247 8
e 486 325 61
e 486 326 48
e 486 327 52
e 486 405 7
e 486 406 52
e 486 407 53
e 486 485 20
e 487 6 16
e 487 7 28
e 487 8 51
e 487 86 31
e 487 87 51
e 487 88 28
e 487 166 19
e 487 167 6
e 487 168 49
e 487 246 30
e 487 247 29
e 487 248 20
e 487 326 56
e 487 327 27
e 487 328 43
e 487 406 54
e 487 407 3
e 487 408 41
e 487 486 9
e 488 7 39
e 488 8 70
e 488 9 56
e 488 87 55
e 488 88 24
e 488 89 15
e 488 167 2
e 488 168 39
e 488 169 47
e 488 247 45
e 488 248 58
e 488 249 5
e 488 327 14
e 488 328 22
e 488 329 32
e 488 407 58
e 488 408 38
e 488 409 8
e 488 487 65
e 489 8 3
e 489 9 29
e 489 10 34
e 489 88 70
e 489 89 65
e 489 90 56
e 489 168 48
e 489 169 48
e 489 170 68
e 489 248 46
e 489 249 62
e 489 250 21
e 489 328 12
e 489 329 55
e 489 330 46
e 489 408 24
e 489 409 9
e 489 410 45
e 489 488 54
e 490 9 47
e 490 10 25
e 490 11 55
e 490 89 54
e 490 90 30
e 490 91 28
e 490 169 31
e 490 170 35
e 490 171 7
e 490 249 27
e 490 250 66
e 490 251 21
e 490 329 15
e 490 330 31
e 490 331 45
e 490 409 24
e 490 410 36
e 490 411 7
e 490 489 51
e 491 10 4
e 491 11 41
e 491 12 27
e 491 90 13
e 491 91 2
e 491 92 4
e 491 170 53
e 491 171 16
e 491 172 17
e 491 250 45
e 491 251 53
e 491 252 36
e 491 330 14
e 491 331 29
e 491 332 58
e 491 410 44
e 491 411 27
e 491 412 45
e 491 490 25
e 492 11 60
e 492 12 43
e 492 13 5
e 492 91 43
e 492 92 52
e 492 93 42
e 492 171 46
e 492 172 12
e 492 173 36
e 492 251 58
e 492 252 33
e 492 253 57
e 492 331 3
e 492 332 33
e 492 333 60
e 492 411 52
e 492 412 11
e 492 413 49
e 492 491 50
e 493 12 33
e 493 13 53
e 493 14 18
e 493 92 1
e 493 93 39
e 493 94 59
e 493 172 3
e 493 173 40
e 493 174 63
e 493 252 9
e 493 253 43
e 493 254 39
e 493 332 68
e 493 333 52
e 493 334 40
e 493 412 26
e 493 413 26
e 493 414 15
e 493 492 38
e 494 13 21
e 494 14 35
e 494 15 67
e 494 93 49
e 494 94 30
e 494 95 3
e 494 173 62
e 494 174 47
e 494 175 66
e 494 253 37
e 494 254 68
e 494 255 35
e 494 333 28
e 494 334 3
e 494 335 13
e 494 413 33
e 494 414 23
e 494 415 34
e 494 493 61
e 495 14 28
e 495 15 6
e 495 16 51
e 495 94 9
e 495 95 57
e 495 96 30
e 495 174 38
e 495 175 13
e 495 176 57
e 495 254 55
e 495 255 35
e 495 256 11
e 495 334 11
e 495 335 65
e 495 336 31
e 495 414 30
e 495 415 39
e 495 416 56
e 495 494 11
e 496 15 9
e 496 16 31
e 496 17 2
e 496 95 38
e 496 96 60
e 496 97 56
e 496 175 21
e 496 176 5
e 496 177 51
e 496 255 50
e 496 256 13
e 496 257 52
e 496 335 37
e 496 336 60
e 496 337 56
e 496 415 6
e 496 416 36
e 496 417 2
e 496 495 69
e 497 16 70
e 497 17 25
e 497 18 49
e 497 96 55
e 497 97 6
e 497 98 57
e 497 176 58
e 497 177 57
e 497 178 38
e 497 256 42
e 497 257 53
e 497 258 31
e 497 336 16
e 497 337 19
e 497 338 45
e 497 416 3
e 497 417 44
e 497 418 35
e 497 496 64
e 498 17 27
e 498 18 52
e 498 19 64
e 498 97 58
e 498 98 69
e 498 99 49
e 498 177 1
e 498 178 25
e 498 179 35
e 498 257 13
e 498 258 69
e 498 259 11
e 498 337 17
e 498 338 13
e 498 339 5
e 498 417 21
e 498 418 32
e 498 419 36
e 498 497 44
e 499 18 30
e 499 19 46
e 499 20 59
e 499 98 68
e 499 99 68
e 499 100 5
e 499 178 41
e 499 179 2
e 499 180 37
e 499 258 50
e 499 259 60
e 499 260 55
e 499 338 16
e 499 339 37
e 499 340 64
e 499 418 6
e 499 419 33
e 499 420 44
e 499 498 24
e 500 19 36
e 500 20 30
e 500 21 45
e 500 99 52
e 500 100 63
e 500 101 37
e 500 179 16
e 500 180 10
e 500 181 60
e 500 259 58
e 500 260 69
e 500 261 24
e 500 339 49
e 500 340 42
e 500 341 70
e 500 419 57
e 500 420 22
e 500 421 8
e 500 499 50